,"time_point","S","I","R"
"1",0.,99.,1.,0.
"2",.5,98.8965111251421,1.09303053170354,.0104583431543429
"3",1.,98.7835115965345,1.19459933936447,.0218890641010867
"4",1.5,98.6601510973461,1.30546758487424,.034381317779662
"5",2.,98.5255082022648,1.42645964669157,.0480321510436288
"6",2.5,98.3785848245514,1.55846795769281,.0629472177557604
"7",3.,98.2183012874705,1.70245727754539,.0792414349840704
"8",3.5,98.0434907348269,1.85946950922413,.0970397559489314
"9",4.,97.852893551278,2.03062848048225,.116477968239721
"10",4.5,97.6451521432102,2.21714436214278,.137703494646961
"11",5.,97.418804721406,2.42031890776803,.160876370825957
"12",5.5,97.1722809529494,2.64154901241461,.186170034636056
"13",6.,96.903895332814,2.88233215417305,.213772513012916
"14",6.5,96.6118442139431,3.14426862129125,.243887164765618
"15",7.,96.2941994065434,3.4290665209263,.276734072530315
"16",7.5,95.948906985954,3.73854228289132,.312550731154782
"17",8.,95.5737823540426,4.07462406454927,.351593581408101
"18",8.5,95.1665110698014,4.43935025577278,.394138674425866
"19",9.,94.7246473076064,4.8348694959987,.440483196394855
"20",9.5,94.2456168529908,5.26343693368754,.490946213321701
"21",10.,93.7267214140596,5.72740868250379,.54586990343658
"22",10.5,93.1651443903861,6.22923504541584,.605620564198101
"23",11.,92.5579630992893,6.77144772289745,.670589177813294
"24",11.5,91.9021594825478,7.3566477166821,.741192800770099
"25",12.,91.1946407307446,7.98748503039447,.817874238860956
"26",12.5,90.4322594669135,8.666637019125,.901103513961504
"27",13.,89.6118411777625,9.39678183528033,.991376986957174
"28",13.5,88.7302195733055,10.1805625670275,1.08921785966709
"29",14.,87.784270206332,11.020554133201,1.1951756604671
"30",14.5,86.7709610909288,11.9192144494235,1.30982445964775
"31",15.,85.6873994080318,12.8788374556174,1.43376313635089
"32",15.5,84.5308883369273,13.9015001804073,1.56761148266543
"33",16.,83.2989970244688,14.9889938734532,1.71200910207798
"34",16.5,81.9896172778758,16.1427703009362,1.86761242118806
"35",17.,80.6010457612444,17.3638652687236,2.03508897003194
"36",17.5,79.1320575805471,18.6528266376618,2.21511578179121
"37",18.,77.5819749091644,20.00965303071,2.40837206012555
"38",18.5,75.9507576862708,21.4337094446726,2.61553286905664
"39",19.,74.2390619720702,22.9236722543288,2.83726577360099
"40",19.5,72.4483110664265,24.4774692331452,3.0742197004283
"41",20.,70.5807595668021,26.0922222561297,3.32701817706821
"42",20.5,68.6395213371995,27.7642239864148,3.5962546763857
"43",21.,66.6286181805876,29.488902601455,3.88247921795739
"44",21.5,64.5529766990753,31.2608329101329,4.18619039079184
"45",22.,62.4184082284923,33.0737601406204,4.50783163088729
"46",22.5,60.2316001989651,34.9206207600115,4.84777904102347
"47",23.,58.0000635103412,36.7936043417134,5.20633214794532
"48",23.5,55.7319837885129,38.6843065416327,5.58370966985446
"49",24.,53.4361779237447,40.5837755355948,5.98004654066055
"50",24.5,51.1219915886413,42.4826252622279,6.39538314913086
"51",25.,48.7990929983466,44.3712419540405,6.82966504761298
"52",25.5,46.4773094789154,46.2399489352867,7.28274158579794
"53",26.,44.1665311958891,48.0791035590864,7.75436524502457
"54",26.5,41.8765328643253,49.8792738900444,8.24419324563036
"55",27.,39.6167355347018,51.6314734313516,8.75179103394663
"56",27.5,37.3961263793402,53.3272388486313,9.27663477202854
"57",28.,35.2231275777523,54.9587517227272,9.81812069952059
"58",28.5,33.1054250590106,56.5190027781089,10.3755721628805
"59",29.,31.0498920062719,58.0018646049608,10.9482433887673
"60",29.5,29.0625398321994,59.4021272039791,11.5353329638215
"61",30.,27.1484522198825,60.7155524967619,12.1359952833556
"62",30.5,25.3117520151962,61.9389031480831,12.7493448367206
"63",31.,23.5556171848523,63.0699174491006,13.3744653660471
"64",31.5,21.8822961079262,64.1072755418447,14.0104283502291
"65",32.,20.2931708911666,65.0505321030173,14.6562970058161
"66",32.5,18.7887829031012,65.9000886237855,15.3111284731134
"67",33.,17.3689086306628,66.6571012593778,15.9739901099594
"68",33.5,16.0326540934517,67.3233784129994,16.643967493549
"69",34.,14.778528874852,67.9013074357721,17.320163689376
"70",34.5,13.6045160228438,68.3937753067917,18.0017086703645
"71",35.,12.5081779413533,68.8040569056587,18.687765152988
"72",35.5,11.4867236706607,69.1357484132116,19.3775279161276
"73",36.,10.537088311062,69.3926809573146,20.0702307316234
"74",36.5,9.65600945196045,69.5788448731876,20.7651456748519
"75",37.,8.84008228576192,69.6983324205418,21.4615852936962
"76",37.5,8.08582704656458,69.7552691405539,22.1589038128816
"77",38.,7.38973045556278,69.7537736657556,22.8564958786817
"78",38.5,6.74829599905016,69.697905988101,23.5537980128488
"79",39.,6.15807433055409,69.5916396688154,24.2502860006305
"80",39.5,5.61569780604566,69.4388265781604,24.945475615794
"81",40.,5.11790038034553,69.2431798616869,25.6389197579676
"82",40.5,4.66153928707633,69.0082524577801,26.3302082551436
"83",41.,4.2436061762588,68.7374286649024,27.0189651588388
"84",41.5,3.86123877895392,68.4339133757047,27.7048478453414
"85",42.,3.51172522558572,68.1007302327636,28.3875445416506
"86",42.5,3.19250841153767,67.7407185688544,29.0667730196079
"87",43.,2.90118533073517,67.3565363172338,29.742278352031
"88",43.5,2.63550653499263,66.9506620223496,30.4138314426577
"89",44.,2.39337194642459,66.5254010762307,31.0812269773447
"90",44.5,2.17282738634252,66.082890641958,31.7442819716995
"91",45.,1.97205804744523,65.6251080625629,32.4028338899918
"92",45.5,1.78938352245011,65.153877165943,33.0567393116069
"93",46.,1.62324990976887,64.6708778778237,33.7058722124074
"94",46.5,1.47222427627263,64.1776529340795,34.3501227896478
"95",47.,1.33498617586112,63.6756179128212,34.9893959113177
"96",47.5,1.21032209597446,63.1660678012474,35.6236101027781
"97",48.,1.09711699309185,62.650186835345,36.2526961715632
"98",48.5,.994348996594181,62.1290546637106,36.8765963396953
"99",49.,.901081406372683,61.6036555452161,37.4952630484113
"100",49.5,.816457751232312,61.074884036504,38.1086582122637
"101",50.,.739694560638624,60.5435532351118,38.7167522042496
"102",50.5,.67007675767395,60.0104000380321,39.319523204294
"103",51.,.606951407126974,59.4760922313651,39.916956361508
"104",51.5,.549723390333787,58.9412333958785,40.5090432137877
"105",52.,.497850193823483,58.4063687917632,41.0957810144134
"106",52.5,.450837855998837,57.8719899336388,41.6771722103623
"107",53.,.408236730864761,57.3385393585038,42.2532239106315
"108",53.5,.369637738324662,56.8064148423285,42.8239474193469
"109",54.,.334668966910592,56.2759732135506,43.3893578195389
"110",54.5,.302992270636464,55.7475341688654,43.9494735604982
"111",55.,.274300554556134,55.2213833134717,44.5043161319722
"112",55.5,.248314749591061,54.6977755451914,45.0539097052176
"113",56.,.22478163639576,54.176937487123,45.5982808764812
"114",56.5,.203471207235867,53.6590704331483,46.1374583596159
"115",57.,.18417490988189,53.1443523076928,46.6714727824254
"116",57.5,.166703382650939,52.6329401904715,47.2003564268776
"117",58.,.150885028629846,52.1249719051259,47.7241430662443
"118",58.5,.136564092649255,51.6205681597295,48.2428677476213
"119",59.,.123599500261972,51.1198338385289,48.7565666612092
"120",59.5,.111863235985339,50.6228598047131,49.2652769593016
"121",60.,.101239398670535,50.1297239499109,49.7690366514186
"122",60.5,.0916228384354645,49.6404927074602,50.2678844541044
"123",61.,.0829183904204366,49.1552219025179,50.7618597070617
"124",61.5,.0750397319629047,48.6739580191876,51.2510022488496
"125",62.,.0679087611407544,48.1967388890097,51.7353523498496
"126",62.5,.0614546445554695,47.7235947453187,52.2149506101258
"127",63.,.055613306334215,47.2545487885335,52.6898379051323
"128",63.5,.0503266493252749,46.7896180472045,53.1600553034702
"129",64.,.045542115552288,46.3288138635511,53.6256440208967
"130",64.5,.0412120775114368,45.8721425652536,54.086645357235
"131",65.,.0372934262896495,45.4196059197707,54.5431006539396
"132",65.5,.0337471383128421,44.9712016114365,54.9950512502507
"133",66.,.0305378533702988,44.5269237061614,55.4425384404683
"134",66.5,.0276336092575312,44.0867629427785,55.885603447964
"135",67.,.0250054114678511,43.6507072059497,56.3242873825825
"136",67.5,.0226270735176238,43.2187417008913,56.7586312255911
"137",68.,.0204748439267565,42.7908493621261,57.1886757939472
"138",68.5,.0185272474260207,42.3670110270738,57.6144617255002
"139",69.,.0167648518639432,41.947205690291,58.0360294578451
"140",69.5,.0151700352381947,41.5314107577941,58.4534192069677
"141",70.,.0137268972798108,41.1196021426616,58.8666709600587
"142",70.5,.0124210047427501,40.7117545419358,59.2758244533215
"143",71.,.0112393113174383,40.3078415232154,59.6809191654672
"144",71.5,.0101700246604329,39.9078356679356,60.081994307404
"145",72.,.00920243678291138,39.5117087547052,60.4790888085119
"146",72.5,.00832689193543711,39.1194317931922,60.8722413148724
"147",73.,.00753464027747048,38.7309751808815,61.2614901788411
"148",73.5,.00681774366711541,38.3463088039954,61.6468734523375
"149",74.,.00616905331508472,37.9654020604384,62.0284288862466
"150",74.5,.00558208003506615,37.5882239975055,62.4061939224595
"151",75.,.00505093916678013,37.21474337012,62.7802056907132
"152",75.5,.00457033658160517,36.8449286546027,63.1505010088157
"153",76.,.00413546366296097,36.4787481586128,63.5171163777243
"154",76.5,.003741956727958,36.1161700634328,63.8800879798393
"155",77.,.00338589267730775,35.7571624274535,64.2394516798692
"156",77.5,.00306371308438729,35.4016932640029,64.5952430229127
"157",78.,.00277218234302895,35.0497305842859,64.947497233371
"158",78.5,.00250838726379914,34.7012423968662,65.29624921587
"159",79.,.00226969961759922,34.3561967445532,65.6415335558292
"160",79.5,.00205372377577598,34.0145617568588,65.9833845193655
"161",80.,.00185829031634291,33.6763056557563,66.3218360539274
"162",80.5,.00168145656575446,33.3413967539674,66.6569217894669
"163",81.,.00152145444328798,33.0098035050479,66.9886750405088
"164",81.5,.00137667450566837,32.6814945186486,67.3171288068458
"165",82.,.00124566513729808,32.3564385602887,67.6423157745741
"166",82.5,.00112712671292808,32.0346045556253,67.9642683176618
"167",83.,.00101987201168243,31.7159616263068,68.2830185016815
"168",83.5,.000922820661739097,31.4004790948669,68.5985980844714
"169",84.,.000834998887893792,31.0881264837708,68.9110385173413
"170",84.5,.000755537605700441,30.7788735159103,69.220370946484
"171",85.,.000683641863002991,30.4726901396924,69.5266262184446
"172",85.5,.000618587122372497,30.1695465320486,69.8298348808291
"173",86.,.000559716883640495,29.8694130992108,70.1300271839056
"174",86.5,.000506449273653524,29.5722604705159,70.4272330802105
"175",87.,.000458254782250904,29.2780595137291,70.7214822314887
"176",87.5,.000414648457298,28.9867813403663,71.0128040111764
"177",88.,.000375189150770874,28.6983973059331,71.3012275049162
"178",88.5,.00033948030487597,28.4128790077047,71.5867815119905
"179",89.,.00030717133653758,28.1301982830514,71.8694945456121
"180",89.5,.000277940393915843,27.8503272177686,72.1493948418375
"181",90.,.000251492637133105,27.5732381468554,72.4265103605075
"182",90.5,.000227559723861579,27.298903654461,72.7008687858152
"183",91.,.000205900004576891,27.0272965716893,72.9724975283062
"184",91.5,.000186302159707082,26.7583899749413,73.2414237228991
"185",92.,.00016857214218783,26.4921571877775,73.5076742400804
"186",92.5,.000152531478680382,26.2285717810686,73.7712756874528
"187",93.,.000138017269571547,25.9676075729956,74.0322544097348
"188",93.5,.000124880953552584,25.7092386274962,74.2906364915503
"189",94.,.000112992455952885,25.4534392530445,74.5464477544996
"190",94.5,.000102236576527159,25.2001840013315,74.799713762092
"191",95.,9.25065973805898e-005,24.9494476640724,75.0504598293302
"192",95.5,8.37042440882537e-005,24.7012052729816,75.2987110227743
"193",96.,7.5739685695117e-005,24.4554320997726,75.5444921605418
"194",96.5,6.85307431486936e-005,24.2121036540497,75.7878278152072
"195",97.,6.20052025158115e-005,23.9711956828045,76.028742311993
"196",97.5,5.61009271490132e-005,23.7326841711245,76.2672597279484
"197",98.,5.07601756563268e-005,23.4965453331119,76.5034039067125
"198",98.5,4.59294434216211e-005,23.2627556115935,76.7371984589631
"199",99.,4.15594626046057e-005,23.0312916781209,76.9686667624165
"200",99.5,3.76052021408306e-005,22.8021304329699,77.197831961828
"201",100.,3.40251392722015e-005,22.5752490005,77.4247169743607
